0.000624018736513
0.000651558181969
0.000679773614883
0.000708658278614
0.000738204901503
0.000768405335139
0.000799250487279
0.000830730307122
0.000862833789166
0.00089554898641
0.000928863029505
0.000962762150319
0.000997231709097
0.00103225622471
0.0010678194076
0.00110390419518
0.00114049278932
0.00117756669579
0.00121510676535
0.00125309323621
0.00129150577779
0.00133032353534
0.00136952517534
0.00140908893147
0.00144899265074
0.00148921383984
0.00152972971124
0.00157051722907
0.00161155315437
0.00165281408973
0.00169427652294
0.00173591686974
0.00177771151522
0.00181963685401
0.00186166932895
0.00190378546824
0.00194596192088
0.0019881754904
0.00203040316673
0.00207262215625
0.00211480990989
0.00215694414927
0.0021990028909
0.00224096446842
0.00228280755281
0.00232451117077
0.00236605472105
0.002407417989
0.00244858115927
0.00248952482666
0.00253023000536
0.00257067813649
0.00261085109403
0.00265073118935
0.00269030117423
0.00272954424263
0.00276844403117
0.0028069846185
0.00284515052362
0.00288292670316
0.00292029854788
0.00295725187835
0.0029937729399
0.00302984839696
0.00306546532696
0.00310061121365
0.00313527394014
0.0031694417816
0.00320310339774
0.00323624782512
0.00326886446938
0.00330094309738
0.00333247382938
0.00336344713129
0.00339385380696
0.00342368499067
0.00345293213979
0.0034815870276
0.00350964173639
0.00353708865083
0.00356392045158
0.00359013010924
0.00361571087858
0.00364065629313
0.00366496016008
0.00368861655552
0.00371161982007
0.00373396455475
0.00375564561735
0.00377665811897
0.00379699742109
0.00381665913276
0.00383563910833
0.00385393344536
0.00387153848289
0.00388845080003
0.00390466721481
0.00392018478335
0.00393500079932
0.00394911279358
0.00396251853419
0.00397521602657
0.00398720351397
0.0039984794781
0.00400904264004
0.00401889196126
0.00402802664496
0.00403644613747
0.00404415012991
0.00405113855999
0.00405741161395
0.00406296972868
0.00406781359394
0.00407194415479
0.00407536261403
0.00407807043483
0.00408006934352
0.00408136133234
0.00408194866242
0.00408183386676
0.00408101975336
0.00407950940837
0.00407730619932
0.00407441377843
0.00407083608597
0.00406657735362
0.00406164210793
0.00405603517378
0.00404976167784
0.00404282705209
0.0040352370373
0.00402699768652
0.00401811536858
0.00400859677148
0.00399844890585
0.00398767910829
0.00397629504462
0.00396430471315
0.00395171644775
0.00393853892089
0.00392478114651
0.00391045248274
0.00389556263453
0.003880121656
0.00386413995265
0.00384762828338
0.00383059776214
0.00381305985947
0.00379502640363
0.00377650958145
0.00375752193885
0.00373807638099
0.00371818617194
0.00369786493407
0.00367712664681
0.00365598564507
0.00363445661702
0.0036125546014
0.0035902949842
0.00356769349474
0.00354476620111
0.00352152950488
0.00349800013519
0.003474195142
0.00345013188867
0.00342582804361
0.00340130157124
0.003376570722
0.00335165402152
0.00332657025892
0.00330133847409
0.00327597794417
0.00325050816896
0.00322494885545
0.00319931990135
0.00317364137764
0.00314793351013
0.00312221666015
0.00309651130417
0.0030708380125
0.00304521742713
0.0030196702386
0.00299421716202
0.00296887891229
0.00294367617843
0.00291862959729
0.00289375972644
0.00286908701651
0.00284463178287
0.00282041417691
0.00279645415675
0.00277277145772
0.00274938556247
0.00272631567098
0.0027035806704
0.00268119910495
0.00265918914595
0.00263756856196
0.00261635468937
0.00259556440332
0.00257521408921
0.00255531961486
0.00253589630341
0.0025169589071
0.00249852158206
0.00248059786421
0.00246320064627
0.0024463421562
0.002430033937
0.00241428682795
0.00239911094758
0.00238451567819
0.0023705096522
0.00235710074035
0.00234429604173
0.0023321018758
0.00232052377643
0.00230956648794
0.00229923396322
0.00228952936399
0.00228045506303
0.00227201264868
0.00226420293128
0.00225702595176
0.00225048099223
0.00224456658857
0.00223928054502
0.00223461995053
0.00223058119708
0.0022271599996
0.00222435141763
0.00222214987849
0.00222054920194
0.00221954262616
0.00221912283496
0.0022192819861
0.00222001174065
0.00222130329314
0.00222314740248
0.00222553442348
0.00222845433882
0.00223189679138
0.00223585111671
0.00224030637567
0.00224525138688
0.00225067475908
0.00225656492316
0.0022629101637
0.00226969865005
0.00227691846668
0.0022845576428
0.00229260418118
0.00230104608593
0.00230987138935
0.0023190681776
0.00232862461528
0.00233852896874
0.00234876962814
0.00235933512819
0.00237021416754
0.00238139562683
0.00239286858528
0.00240462233595
0.0024166463996
0.00242893053708
0.00244146476041
0.00245423934247
0.00246724482535
0.00248047202741
0.00249391204901
0.00250755627708
0.00252139638846
0.00253542435213
0.0025496324303
0.00256401317856
0.00257855944497
0.00259326436829
0.00260812137534
0.00262312417758
0.00263826676697
0.00265354341111
0.00266894864788
0.00268447727943
0.0027001243658
0.002715885218
0.00273175539083
0.00274773067535
0.00276380709106
0.00277998087796
0.0027962484884
0.00281260657881
0.00282905200143
0.00284558179593
0.00286219318113
0.00287888354669
0.00289565044494
0.00291249158283
0.0029294048139
0.00294638813058
0.00296343965655
0.0029805576393
0.00299774044297
0.00301498654141
0.00303229451136
0.00304966302604
0.00306709084891
0.00308457682763
0.00310211988842
0.00311971903055
0.00313737332119
0.00315508189041
0.00317284392656
0.0031906586718
0.00320852541794
0.00322644350247
0.0032444123049
0.00326243124324
0.00328049977074
0.00329861737287
0.00331678356445
0.003334997887
0.00335325990632
0.00337156921012
0.00338992540597
0.00340832811934
0.00342677699172
0.00344527167906
0.00346381185014
0.00348239718521
0.00350102737473
0.00351970211811
0.00353842112271
0.00355718410282
0.00357599077878
0.00359484087617
0.00361373412508
0.00363267025942
0.00365164901638
0.00367067013584
0.00368973335991
0.00370883843248
0.00372798509887
0.00374717310546
0.00376640219937
0.00378567212825
0.00380498263995
0.00382433348242
0.00384372440343
0.00386315515048
0.00388262547063
0.00390213511039
0.00392168381563
0.00394127133148
0.00396089740229
0.00398056177155
0.00400026418183
0.00402000437481
0.00403978209119
0.00405959707071
0.00407944905212
0.00409933777321
0.00411926297079
0.0041392243807
0.00415922173786
0.00417925477623
0.00419932322888
0.00421942682802
0.00423956530501
0.00425973839038
0.00427994581391
0.00430018730464
0.00432046259091
0.0043407714004
0.00436111346021
0.00438148849686
0.00440189623636
0.00442233640425
0.00444280872566
0.00446331292537
0.00448384872783
0.00450441585724
0.0045250140376
0.00454564299275
0.00456630244645
0.00458699212242
0.00460771174439
0.00462846103618
0.00464923972174
0.0046700475252
0.00469088417097
0.00471174938374
0.00473264288859
0.00475356441103
0.00477451367705
0.00479549041319
0.00481649434661
0.00483752520513
0.0048585827173
0.00487966661247
0.00490077662082
0.00492191247346
0.00494307390245
0.0049642606409
0.00498547242299
0.00500670898406
0.00502797006063
0.00504925539051
0.00507056471281
0.00509189776801
0.00511325429805
0.00513463404632
0.00515603675776
0.0051774621789
0.00519891005794
0.00522038014472
0.00524187219088
0.0052633859498
0.00528492117673
0.0053064776288
0.00532805506504
0.00534965324649
0.00537127193616
0.00539291089911
0.00541456990251
0.00543624871561
0.00545794710982
0.00547966485874
0.00550140173815
0.00552315752606
0.00554493200275
0.00556672495073
0.00558853615483
0.00561036540215
0.0056322124821
0.0056540771864
0.00567595930909
0.00569785864652
0.00571977499734
0.0057417081625
0.00576365794525
0.00578562415109
0.0058076065878
0.00582960506536
0.00585161939595
0.00587364939392
0.00589569487575
0.00591775565999
0.00593983156723
0.00596192242003
0.00598402804289
0.00600614826216
0.00602828290598
0.00605043180421
0.00607259478835
0.00609477169144
0.006116962348
0.0061391665939
0.00616138426628
0.00618361520344
0.00620585924471
0.00622811623036
0.00625038600143
0.00627266839964
0.00629496326723
0.00631727044682
0.00633958978125
0.00636192111345
0.00638426428623
0.00640661914218
0.00642898552341
0.00645136327145
0.00647375222699
0.00649615222975
0.00651856311823
0.00654098472954
0.00656341689915
0.00658585946072
0.00660831224583
0.0066307750838
0.0066532478014
0.00667573022265
0.00669822216857
0.00672072345692
0.00674323390195
0.00676575331414
0.00678828149994
0.00681081826148
0.00683336339635
0.00685591669728
0.00687847795184
0.00690104694223
0.00692362344494
0.00694620723047
0.00696879806304
0.00699139570031
0.00701399989306
0.00703661038494
0.0070592269121
0.00708184920296
0.00710447697788
0.00712710994885
0.00714974781922
0.00717239028336
0.00719503702642
0.00721768772397
0.00724034204176
0.00726299963539
0.00728566015003
0.00730832322013
0.00733098846917
0.00735365550932
0.00737632394121
0.00739899335362
0.00742166332327
0.00744433341449
0.00746700317901
0.00748967215571
0.00751233987035
0.00753500583534
0.00755766954955
0.00758033049802
0.0076029881518
0.00762564196775
0.00764829138829
0.00767093584127
0.00769357473976
0.00771620748188
0.00773883345069
0.00776145201397
0.00778406252414
0.00780666431812
0.0078292567172
0.00785183902697
0.00787441053719
0.00789697052174
0.00791951823855
0.00794205292954
0.00796457382059
0.00798708012147
0.0080095710259
0.00803204571148
0.00805450333972
0.00807694305609
0.00809936399002
0.00812176525496
0.00814414594846
0.00816650515222
0.00818884193221
0.00821115533875
0.0082334444066
0.00825570815517
0.00827794558858
0.00830015569583
0.00832233745101
0.00834448981343
0.00836661172782
0.00838870212457
0.00841075991988
0.00843278401604
0.00845477330164
0.00847672665181
0.00849864292851
0.00852052098077
0.00854235964496
0.00856415774513
0.00858591409323
0.00860762748947
0.00862929672262
0.00865092057031
0.0086724977994
0.00869402716627
0.0087155074172
0.00873693728868
0.00875831550782
0.00877964079263
0.00880091185246
0.00882212738833
0.00884328609331
0.00886438665289
0.00888542774536
0.0089064080422
0.00892732620846
0.00894818090313
0.00896897077953
0.00898969448573
0.00901035066487
0.00903093795562
0.0090514549925
0.00907190040629
0.00909227282444
0.00911257087139
0.00913279316899
0.00915293833687
0.00917300499279
0.00919299175303
0.00921289723274
0.00923272004631
0.00925245880768
0.00927211213077
0.00929167862974
0.00931115691939
0.00933054561544
0.00934984333488
0.00936904869632
0.00938816032022
0.00940717682929
0.0094260968487
0.00944491900643
0.00946364193353
0.00948226426439
0.00950078463703
0.00951920169332
0.00953751407926
0.00955572044521
0.00957381944614
0.00959180974183
0.0096096899971
0.00962745888203
0.00964511507215
0.0096626572486
0.00968008409839
0.0096973943145
0.00971458659609
0.00973165964863
0.00974861218408
0.00976544292102
0.00978215058477
0.00979873390753
0.00981519162851
0.00983152249403
0.00984772525759
0.00986379868003
0.00987974152958
0.00989555258195
0.00991123062039
0.0099267744358
0.00994218282672
0.00995745459949
0.00997258856818
0.00998758355473
0.010002438389
0.0100171519085
0.0100317229591
0.0100461503943
0.0100604330757
0.0100745698727
0.010088559663
0.010102401332
0.0101160937733
0.0101296358884
0.0101430265868
0.010156264786
0.0101693494114
0.0101822793964
0.0101950536822
0.0102076712182
0.0102201309614
0.0102324318766
0.0102445729368
0.0102565531224
0.0102683714218
0.010280026831
0.0102915183538
0.0103028450016
0.0103140057935
0.010324999756
0.0103358259234
0.0103464833374
0.0103569710471
0.0103672881093
0.0103774335879
0.0103874065544
0.0103972060875
0.0104068312733
0.0104162812051
0.0104255549833
0.0104346517158
0.0104435705174
0.0104523105101
0.010460870823
0.0104692505923
0.0104774489612
0.0104854650799
0.0104932981056
0.0105009472024
0.0105084115415
0.0105156903007
0.010522782665
0.0105296878261
0.0105364049826
0.0105429333399
0.0105492721102
0.0105554205126
0.010561377773
0.0105671431238
0.0105727158045
0.0105780950613
0.010583280147
0.0105882703214
0.0105930648508
0.0105976630085
0.0106020640744
0.0106062673351
0.0106102720842
0.0106140776219
0.0106176832551
0.0106210882978
0.0106242920705
0.0106272939006
0.0106300931223
0.0106326890767
0.0106350811119
0.0106372685825
0.0106392508503
0.0106410272839
0.0106425972589
0.0106439601578
0.0106451153701
0.0106460622925
0.0106468003283
0.0106473288884
0.0106476473904
0.0106477552592
0.0106476519268
0.0106473368326
0.010646809423
0.0106460691517
0.0106451154798
0.0106439478756
0.010642565815
0.0106409687811
0.0106391562646
0.0106371277636
0.0106348827838
0.0106324208385
0.0106297414485
0.0106268441425
0.0106237284568
0.0106203939353
0.01061684013
0.0106130666005
0.0106090729146
0.0106048586476
0.0106004233834
0.0105957667133
0.0105908882372
0.010585787563
0.0105804643067
0.0105749180926
0.0105691485533
0.0105631553299
0.0105569380717
0.0105504964367
0.010543830091
0.0105369387098
0.0105298219766
0.0105224795836
0.0105149112319
0.0105071166311
0.0104990955
0.0104908475661
0.0104823725658
0.0104736702447
0.0104647403574
0.0104555826675
0.0104461969481
0.0104365829813
0.0104267405585
0.0104166694806
0.0104063695578
0.01039584061
0.0103850824664
0.0103740949659
0.0103628779571
0.0103514312983
0.0103397548575
0.0103278485128
0.0103157121519
0.0103033456727
0.010290748983
0.0102779220008
0.010264864654
0.0102515768812
0.0102380586307
0.0102243098616
0.0102103305432
0.0101961206553
0.0101816801882
0.0101670091429
0.0101521075309
0.0101369753746
0.0101216127071
0.0101060195722
0.0100901960249
0.0100741421309
0.0100578579672
0.0100413436217
0.0100245991937
0.0100076247934
0.00999042054256
0.00997298657429
0.00995532303305
0.00993743007485
0.00991930786724
0.00990095658941
0.00988237643226
0.00986356759843
0.00984453030242
0.0098252647706
0.00980577124131
0.00978604996495
0.00976610120397
0.00974592523303
0.00972552233899
0.00970489282104
0.00968403699072
0.00966295517201
0.00964164770141
0.00962011492797
0.00959835721339
0.0095763749321
0.00955416847129
0.009531738231
0.0095090846242
0.00948620807682
0.00946310902789
0.00943978792952
0.00941624524705
0.00939248145907
0.00936849705751
0.0093442925477
0.00931986844845
0.00929522529213
0.00927036362471
0.00924528400584
0.00921998700896
0.00919447322132
0.00916874324406
0.00914279769232
0.00911663719527
0.00909026239618
0.00906367395254
0.00903687253607
0.00900985883284
0.00898263354332
0.00895519738244
0.0089275510797
0.00889969537919
0.00887163103974
0.00884335883489
0.00881487955306
0.00878619399757
0.00875730298671
0.00872820735384
0.00869890794745
0.00866940563122
0.00863970128414
0.0086097958005
0.00857969009007
0.00854938507806
0.0085188817053
0.00848818092824
0.00845728371905
0.0084261910657
0.00839490397201
0.00836342345776
0.00833175055872
0.00829988632678
0.00826783182996
0.00823558815252
0.00820315639505
0.0081705376745
0.00813773312429
0.00810474389437
0.00807157115127
0.00803821607823
0.00800467987522
0.00797096375904
0.00793706896339
0.00790299673894
0.0078687483534
0.0078343250916
0.00779972825554
0.00776495916451
0.00773001915512
0.00769490958138
0.00765963181478
0.00762418724436
0.00758857727678
0.00755280333638
0.00751686686528
0.0074807693234
0.00744451218859
0.00740809695664
0.00737152514141
0.00733479827483
0.00729791790702
0.00726088560633
0.00722370295944
0.00718637157138
0.0071488930656
0.00711126908409
0.00707350128738
0.00703559135463
0.00699754098368
0.00695935189114
0.0069210258124
0.00688256450175
0.00684396973239
0.00680524329649
0.00676638700529
0.0067274026891
0.00668829219739
0.0066490573988
0.00660970018126
0.00657022245197
0.00653062613749
0.00649091318377
0.00645108555619
0.00641114523961
0.00637109423843
0.00633093457658
0.00629066829762
0.00625029746472
0.00620982416072
0.00616925048818
0.00612857856936
0.0060878105463
0.0060469485808
0.00600599485446
0.00596495156874
0.00592382094489
0.00588260522405
0.00584130666721
0.00579992755524
0.0057584701889
0.00571693688883
0.00567532999554
0.00563365186947
0.00559190489088
0.00555009145995
0.00550821399668
0.00546627494095
0.00542427675241
0.00538222191056
0.00534011291464
0.00529795228364
0.00525574255628
0.0052134862909
0.00517118606553
0.00512884447774
0.00508646414463
0.00504404770282
0.00500159780829
0.00495911713643
0.00491660838189
0.00487407425855
0.00483151749941
0.00478894085657
0.00474634710108
0.00470373902288
0.00466111943071
0.00461849115199
0.00457585703274
0.00453321993747
0.00449058274905
0.00444794836859
0.00440531971534
0.00436269972656
0.00432009135736
0.0042774975806
0.00423492138671
0.00419236578359
0.0041498337964
0.00410732846748
0.00406485285611
0.0040224100384
0.00398000310711
0.00393763517146
0.00389530935697
