0.0
0.0
0.0
0.0
0.0
0.0
0.0
0.0
0.0
0.0
0.0
0.0
0.0
0.0
0.0
0.0
0.0
0.0
0.0
0.0
0.0
0.0
0.0
0.0
0.0
0.0
0.0
0.0
0.0
0.0
0.0
0.0
0.0
0.0
0.0
0.0
0.0
0.0
0.0
0.0
0.0
0.0
0.0
0.0
0.0
0.0
0.0
0.0
0.0
0.0
0.0
0.0
0.0
0.0
0.0
0.0
0.0
0.0
0.0
0.0
0.0
0.0
0.0
0.0
0.0
0.0
0.0
0.0
0.0
0.0
0.0
0.0
0.0
0.0
0.0
0.0
0.0
0.0
0.0
0.0
0.0
0.0
0.0
0.0
0.0
0.0
0.0
0.0
0.0
0.0
0.0
0.0
0.0
0.0
0.0
0.0
0.0
0.0
0.0
0.0
0.0
0.0
0.0
0.0
0.0
0.0
0.0
0.0
0.0
0.0
0.0
0.0
0.0
0.0
0.0
0.0
0.0
0.0
0.0
0.0
0.0
0.0
0.0
0.0
0.0
0.0
0.0
0.0
0.0
0.0
0.0
0.0
0.0
0.0
0.0
0.0
0.0
0.0
0.0
0.0
0.0
0.0
0.0
0.0
0.0
0.0
0.0
0.0
0.0
0.0
0.0
0.0
0.0
0.0
0.0
0.0
0.0
0.0
0.0
0.0
0.0
0.0
0.0
0.0
0.0
0.0
0.0
0.0
0.0
0.0
0.0
0.0
0.0
0.0
0.0
0.0
0.0
0.0
0.0
0.000564896213332
0.000604423601913
0.000640935883661
0.000674709894732
0.000711523160573
0.000737978992806
0.00078372315855
0.000834661011314
0.000881085231093
0.000903099723698
0.000924470271331
0.000977803358664
0.0010313470822
0.0010178723832
0.00104916690522
0.00107032079847
0.00112969011765
0.00112795688258
0.00109937054035
0.00117271406725
0.00119555305014
0.00118935432751
0.00128224489431
0.00129636353829
0.00137313742625
0.00149300748194
0.0015253250941
0.00160945319473
0.00173424010128
0.00178333037361
0.00186226478723
0.00204605992232
0.00210822167577
0.00218937077863
0.00238517819564
0.00247598045491
0.00256600636931
0.00273549027875
0.00282502872079
0.00297740897032
0.00303741019811
0.00320514883613
0.00330078369179
0.00332176907607
0.0034578099742
0.00352056150902
0.00358764613151
0.00356863470939
0.00369782090355
0.00364812881349
0.00372468002889
0.00368335320529
0.00376034374764
0.00374089299857
0.00375699764105
0.00371014011251
0.00376021134774
0.00380897663849
0.00379340761379
0.00376854652331
0.00380546804112
0.00384985811697
0.00383410854694
0.00377816357066
0.00383694310846
0.00393691706995
0.00392456175193
0.00382683858875
0.00379645281151
0.0039576737635
0.00392502515159
0.00390065755165
0.00382322768237
0.00396043610689
0.00393252380052
0.00400539790958
0.0039193981558
0.00396074303393
0.00402745452943
0.00406708497929
0.00410059945647
0.00401006801517
0.00412133207731
0.00406461075615
0.00414980407417
0.00417007329535
0.00409067548208
0.00405545710846
0.00407777250993
0.0042603519732
0.00422701127089
0.00419670974813
0.00410910314101
0.00416667904335
0.00438252097262
0.00438489213448
0.00433125813828
0.00422317769195
0.00432249642439
0.00443860436698
0.00453272264196
0.00446006518728
0.00439674192561
0.00438896042234
0.00460154651769
0.00462705757131
0.0046980419727
0.00464417326759
0.00458323922231
0.00466366012572
0.0048269814216
0.00478596754322
0.00485456272821
0.00472250586347
0.00474338292056
0.00479735393469
0.00491692308152
0.00491062806805
0.00486713470062
0.00487089004326
0.0048994462946
0.0049105077045
0.00498802784645
0.00507137358403
0.00502218100269
0.00502361332889
0.00511807463997
0.00509857574548
0.00504025960733
0.00522457230567
0.00527640686686
0.0051680676389
0.00523822754999
0.00535311530714
0.0052692873631
0.00521297527799
0.00545722300418
0.00547446508217
0.00544426586842
0.00544604724891
0.00557750229592
0.00543070691494
0.00547711909837
0.00563292970896
0.00569704737003
0.00567370887842
0.00561095132542
0.00568698497757
0.00563571612505
0.00561356923255
0.00566325530443
0.00575747588842
0.00572306996873
0.00575532213321
0.00559236719388
0.00557266368136
0.00559783771706
0.00549914562733
0.00564349161014
0.005602892986
0.00564758998889
0.00567026046282
0.00543502194807
0.00538706911126
0.00550014464476
0.00546431241705
0.00548186217436
0.00545621796856
0.00552312204573
0.00555908667335
0.00542597136167
0.00525595710035
0.00536054700385
0.00552587837094
0.00536097429443
0.0054259164458
0.0054281190987
0.00549254970499
0.00554849468128
0.00536686007184
0.00533994076473
0.00545369033409
0.00554405326642
0.00546471563493
0.00539941239292
0.00557317522643
0.0056368716151
0.00566921931815
0.00564265508349
0.00560147871433
0.00565446274738
0.00580131229195
0.00571230946769
0.00564774044332
0.0057993624025
0.00589610460278
0.0059466031286
0.00598132801169
0.00596178698996
0.00600729042861
0.0060720399983
0.00612343523254
0.0061171342009
0.00604951320836
0.00619957119371
0.00631283930889
0.00641269290684
0.00651145119652
0.00650447011084
0.00659034348289
0.00662266109505
0.00665082014669
0.00669176180694
0.00662967227162
0.00669011884454
0.00688347686337
0.00694247907373
0.00709865679314
0.00719464672126
0.00721919561878
0.00721432616107
0.00726558297723
0.00731148361558
0.00733287823592
0.00740658887163
0.00740812350685
0.00745021463896
0.00755239877608
0.00775366167081
0.00782983675013
0.00785910766003
0.00784868116784
0.00785759559298
0.0078798854172
0.00797633423133
0.00808404455976
0.00806109273604
0.00801403058947
0.00802872998755
0.00814991351044
0.00830488909892
0.00835663037836
0.00840467047875
0.00842887107426
0.00831789588464
0.00829152874529
0.0084521087614
0.00853049552088
0.00848168810289
0.00842208557934
0.00836871939203
0.00830244421439
0.00838107922369
0.0084854795546
0.00857716648593
0.00856234672431
0.00846762061342
0.00845731448478
0.00851300519307
0.00850848403737
0.00853862758298
0.00860855880333
0.00851007885436
0.00832459862962
0.008274565008
0.00830510725785
0.00831846008876
0.00838973787629
0.00842489907724
0.00843094734543
0.00840277475289
0.00839305539654
0.00840932704344
0.00840348188873
0.00838875992248
0.00836997568655
0.00834033616329
0.00820681537691
0.00807762015548
0.00799520873993
0.00801700958724
0.0080355606188
0.00803370250655
0.00806268755303
0.00808116335737
0.0080835706283
0.0080464760879
0.00798980742579
0.00792427699759
0.00785288636923
0.00779748152436
0.00771013520341
0.00763049967213
0.00750628674924
0.0073600202156
0.00726124988956
0.00724021635986
0.00723000953114
0.00721561405101
0.00724542810141
0.00727305153527
0.00726459599615
0.00716835932276
0.0070302060444
0.00693837467681
0.0068534160677
0.00675187738011
0.00666895968538
0.00659570567888
0.00652300609695
0.00638381167392
0.00619042958237
0.00611255436796
0.00609087087511
0.00607643928592
0.00609555978751
0.00612288156023
0.00609808666971
0.00603942749545
0.00596783525816
0.00586447983328
0.00572240195105
0.00558352649141
0.00551239163559
0.00546903668624
0.00542284717537
0.00535987898616
0.00521655007532
0.00504509220372
0.00496415373705
0.00493183612489
0.00488711504929
0.00487731143845
0.00491000217761
0.00492743683728
0.00491252454617
0.00486691804623
0.00477798142193
0.00468011984067
0.00458967867203
0.00450318542771
0.00443659429576
0.0044034822842
0.0043925532742
0.00435921257189
0.00426241018984
0.00415646619645
0.00408269613124
0.00403131218108
0.00397865312961
0.00395444200229
0.00396422755859
0.00398281169013
0.00398948584877
0.00397322473367
0.00393146460131
0.0038808035847
0.00384134239607
0.00379583293924
0.00373983981754
0.00367663691942
0.00362933404575
0.00361222436765
0.00360569464527
0.00356827361875
0.00350277177689
0.00343522977292
0.003370913512
0.00331269968287
0.00328074917952
0.00328026170716
0.00327792063618
0.00325602650712
0.00321887629858
0.00319837236848
0.0031980233142
0.00319706040583
0.0031680768639
0.00310634841921
0.00304666615482
0.00301870570303
0.00300370238699
0.00299590282919
0.00296288710846
0.00291781697858
0.00286808877946
0.00282588932015
0.00278545318679
0.00274368101808
0.00270201115837
0.00266623911243
0.00263833282424
0.00260450464957
0.0025766465068
0.00255833921142
0.0025416869148
0.00252229032932
0.00250209934444
0.00247698549052
0.00246062808459
0.00244540811417
0.00244168888059
0.00242868359942
0.00240917868675
0.00238470275963
0.00235829499759
0.00232808374748
0.00229828173344
0.00226540443079
0.00223387519985
0.00220299593207
0.00217309762718
0.00213901668907
0.00210116837196
0.00206072020225
0.00203262735056
0.00201752774369
0.00200119441046
0.00197028505179
0.00193989927455
0.00192005132577
0.00191400907575
0.00190685346293
0.00189639988894
0.0018878962044
0.00188322008063
0.00187531821382
0.00186419060397
0.00184404776451
0.00181628591257
0.00178837962438
0.00176611236833
0.00174527743847
0.00172334118217
0.00169977399982
0.00167706741683
0.00165452332462
0.00162366812954
0.00158676466627
0.00155544005336
0.00153681981276
0.0015277925468
0.00151268692174
0.00148685088655
0.00145496658315
0.00143231416375
0.00141704002973
0.00140960758076
0.00140896965396
0.00141195466991
0.00140817525455
0.0013989854978
0.0013869972886
0.00137572524249
0.00136432079649
0.0013501540071
0.00133670338081
0.00131978628438
0.0013038922781
0.00128615069139
0.00126260156357
0.00124040652565
0.00122391671981
0.00121089338411
0.00119637754044
0.00118089277021
0.00116349421961
0.00114134130892
0.00111885138031
0.00109863030454
0.0010795165734
0.00106466972998
0.00105513693712
0.00104776466991
0.00103850269503
0.00103087766437
0.00102600895893
0.00102165179856
0.00102111618077
0.00102169994397
0.00102212121639
0.00101811912847
0.00100818913591
0.000995328290995
0.000981113356186
0.000968240474917
0.000958262336934
0.000949957252245
0.000942073439967
0.000932973955872
0.000921792182428
0.000908949392045
0.000895209893243
0.000880682013214
0.000865678697176
0.000852071598275
0.000840631043206
0.000829738142273
0.000819284568283
0.000807260250015
0.000793063369737
0.000779203507389
0.000766721807646
0.000757622323551
0.000753006381553
0.000751002328508
0.000749816747578
0.000746903949759
0.000743335245841
0.000740849663384
0.000736781375521
0.000732664942241
0.000728650817974
0.000723282603812
0.000715964500201
0.000707316379405
0.000698511785999
0.000689267865648
0.000680583635788
0.000672838241588
0.000664749886509
0.000656288253982
0.000648296114512
0.000640628956618
0.000633082162269
0.000624939568367
0.000615015593981
0.000604838856147
0.000596022226386
0.000589311958684
0.000582054036846
0.000573303607036
0.000565052685942
0.000557391621451
0.000550554896799
0.000544548755842
0.000538693069318
0.000532686928361
0.000528089040895
0.000524399898203
0.000521354700484
0.000518086905431
0.000513290342887
0.000506959220355
0.000500423555022
0.000495807613024
0.000493358139631
0.000491558704615
0.000488423234236
0.00048373507411
0.000477235517841
0.000469977520777
0.00046276172618
0.000456129694783
0.000449557845159
0.000442877668344
0.000436564600344
0.000431804222091
0.000428367842846
0.000425461063204
0.000421434902583
0.000415687543251
0.000409013384612
0.000402724389322
0.000396302994131
0.000389351999336
0.0003822264774
0.000375269464428
0.000369317487067
0.000364948290339
0.000361981328924
0.000359598130709
0.000357214932494
0.000354398425512
0.000350787519125
0.000346520631411
0.000341694053208
0.000336723038748
0.000331445097246
0.000325980592248
0.000320853105178
0.000316592235642
0.000313414638021
0.000311205966948
0.00030914173213
0.000306505770468
0.000303033282159
0.000299488575723
0.000295739251258
0.000291965854084
0.000287692948193
0.000283239496982
0.0002788582639
0.000275024684952
0.000271341560438
0.000268043599271
0.000265347455836
0.000262777694124
0.000259600096503
0.000255742444847
0.000251493611665
0.000247010069568
0.000242683000081
0.00023850036685
0.000234161261008
0.000229761973393
0.000225795994545
0.000222576269684
0.000219958362553
0.000217924218622
0.000215799802031
0.000213290222092
0.000210305206146
0.000207344262909
0.000204371283317
0.000201608939931
0.000199213705361
0.000196944852515
0.000194675999668
0.000192106237956
0.000189325840038
0.000186021860694
0.000182477154258
0.0001790708659
0.00017595946823
0.000173209161198
0.0001706093086
0.000168268237626
0.000166216039163
0.000164440676856
0.000162731514499
0.000160926061306
0.000158982190034
0.000156936009749
0.000154787520448
0.000152614958439
0.000150604887217
0.000148600834172
0.00014643429034
0.000144051092125
0.0001416438212
0.000139170350325
0.000136726970337
0.000134500244732
0.000132580446169
0.000130756938444
0.000128825103527
0.000126682632404
0.00012443183409
0.000122024563165
0.000119713583078
0.00011758314831
0.000115669367924
0.000113948169213
0.000112377424935
0.000111047407749
0.000109807663223
0.00010847162786
0.000107135592497
0.000105817611666
0.000104535739898
0.000103163595471
0.000101665069321
0.000100172561348
9.86559806652e-05
9.70491273231e-05
9.53580194986e-05
9.35766390145e-05
9.18614584807e-05
9.02004415428e-05
8.85093337183e-05
8.68964621988e-05
8.53136815659e-05
8.38332099474e-05
8.23828292153e-05
8.09685575471e-05
7.9728813021e-05
7.86515592823e-05
7.76946690898e-05
7.68581424435e-05
7.60697612157e-05
7.52873981652e-05
7.44508715189e-05
7.34578797853e-05
7.24408002969e-05
7.13515177263e-05
7.01659292732e-05
6.89382286244e-05
6.76804295664e-05
6.65610410637e-05
6.55379509208e-05
6.45810607283e-05
6.36903704862e-05
6.27936620668e-05
6.18187173424e-05
6.0729427249e-05
5.96040280918e-05
5.85147379984e-05
5.74796115009e-05
5.64625395353e-05
5.54635221016e-05
5.44945955544e-05
5.35677962485e-05
5.2689142361e-05
5.18465975374e-05
5.10401617777e-05
5.03239986777e-05
4.96680173507e-05
4.90240723784e-05
4.841623647e-05
4.77963642069e-05
4.71403828799e-05
4.64182016026e-05
4.56238021975e-05
4.48053300831e-05
4.39688034369e-05
4.31262586133e-05
4.2289731967e-05
4.14832962073e-05
4.07009331568e-05
3.99185701063e-05
3.91963888289e-05
3.85524438566e-05
3.79265534162e-05
3.73126993305e-05
3.66868088901e-05
3.6066936627e-05
3.54350280093e-05
3.4809137569e-05
3.42193561924e-05
3.36416111705e-05
3.30879388579e-05
3.25643574318e-05
3.20407760057e-05
3.15533036435e-05
3.11199948771e-05
3.07047406426e-05
3.02894864081e-05
2.98682139963e-05
2.94228688753e-05
2.89594692223e-05
2.84960695693e-05
2.80085972071e-05
2.75512157314e-05
2.7135961497e-05
2.67146890852e-05
2.62873984961e-05
2.58360351977e-05
2.53485628355e-05
2.48610904733e-05
2.43856544657e-05
2.38801275715e-05
2.3386637032e-05
2.29473100882e-05
2.25440922084e-05
2.21769833924e-05
2.18339472856e-05
2.14909111789e-05
2.11418568948e-05
2.07988207881e-05
2.0449766504e-05
2.00766395107e-05
1.96974943401e-05
1.93183491695e-05
1.89512403535e-05
1.85961678921e-05
1.82531317854e-05
1.79281502106e-05
1.76152049904e-05
1.73142961248e-05
0.0
0.0
0.0
0.0
0.0
0.0
0.0
0.0
0.0
0.0
0.0
0.0
0.0
0.0
0.0
0.0
0.0
0.0
0.0
0.0
0.0
0.0
0.0
0.0
0.0
0.0
0.0
0.0
0.0
0.0
0.0
0.0
0.0
0.0
0.0
0.0
0.0
0.0
0.0
0.0
0.0
0.0
0.0
0.0
0.0
0.0
0.0
0.0
0.0
0.0
0.0
