  0.000000    
  0.000000    
  0.000000    
  0.000000    
  0.000000    
  0.000000    
  0.000000    
  0.000000    
  0.000000    
  0.000000    
  0.000000    
  0.000000    
  0.000000    
  0.000000    
  0.000000    
  0.000000    
  0.000000    
  0.000000    
  0.000000    
  0.000000    
  0.000000    
  0.000000    
  0.000000    
  0.000000    
  0.000000    
  0.000000    
  0.000000    
  0.000000    
  0.000000    
  0.000000    
  0.000000    
  0.000000    
  0.000000    
  0.000000    
  0.000000    
  0.000000    
  0.000000    
  0.000000    
  0.000000    
  0.000000    
  0.000000    
  0.000000    
  0.000000    
  0.000000    
  0.000000    
  0.000000    
  0.000000    
  0.000000    
  0.000000    
  0.000000    
  0.000000    
  0.000000    
  0.000000    
  0.000000    
  0.000000    
  0.000000    
  0.000000    
  0.000000    
  0.000000    
  0.000000    
  0.000000    
  0.000000    
  0.000000    
  0.000000    
  0.000000    
  0.000000    
  0.000000    
  0.000000    
  0.000000    
  0.000000    
  0.000000    
  0.000000    
  0.000000    
  0.000000    
  0.000000    
  0.000000    
  0.000000    
  0.000000    
  0.000000    
  0.000000    
  0.000000    
  0.000000    
  0.000000    
  0.000000    
  0.000000    
  0.000000    
  0.000000    
  0.000000    
  0.000000    
  0.000000    
  0.000000    
  0.000000    
  0.000000    
  0.000000    
  0.000000    
  0.000000    
  0.000000    
  0.000000    
  0.000000    
  0.000000    
  0.000000    
  0.000000    
  0.000000    
  0.000000    
  0.000000    
  0.000000    
  0.000000    
  0.000000    
  0.000000    
  0.000000    
  0.000000    
  0.000000    
  0.000000    
  0.000000    
  0.000000    
  0.000000    
  0.000000    
  0.000000    
  0.000000    
  0.000000    
  0.000000    
  0.000000    
  0.000000    
  0.000000    
  0.000000    
  0.000000    
  0.000000    
  0.000000    
  0.000000    
  0.000000    
  0.000000    
  0.000000    
  0.000000    
  0.000000    
  0.000000    
  0.000000    
  0.000000    
  0.000000    
  0.000000    
  0.000000    
  0.000000    
  0.000000    
  0.000000    
  0.000000    
  0.000000    
  0.000000    
  0.000000    
  0.000000    
  0.000000    
  0.000000    
  0.000000    
  0.000000    
  0.000000    
  0.000000    
  0.000000    
  0.000000    
  0.000000    
  0.000000    
  0.000000    
  0.000000    
  0.000000    
  0.000000    
  0.000000    
  0.000000    
  0.000000    
  0.000000    
  0.000000    
  0.000000    
  0.000000    
  0.000000    
  0.000000    
  0.000000    
  0.000000    
  0.000000    
  0.000000    
  0.000000    
  0.000000    
  0.000000    
  0.000000    
 0.7509200E-01
 0.8034640E-01
 0.8520000E-01
 0.8968960E-01
 0.9458321E-01
 0.9810000E-01
 0.1041808    
 0.1109520    
 0.1171232    
 0.1200496    
 0.1228904    
 0.1299800    
 0.1370976    
 0.1353064    
 0.1394664    
 0.1422784    
 0.1501704    
 0.1499400    
 0.1461400    
 0.1558896    
 0.1589256    
 0.1581016    
 0.1704496    
 0.1723264    
 0.1825320    
 0.1984664    
 0.2027624    
 0.2139456    
 0.2305336    
 0.2370592    
 0.2475520    
 0.2719840    
 0.2802472    
 0.2910344    
 0.3170632    
 0.3291336    
 0.3411008    
 0.3636304    
 0.3755328    
 0.3957888    
 0.4037648    
 0.4260624    
 0.4387752    
 0.4415648    
 0.4596488    
 0.4679904    
 0.4769080    
 0.4743808    
 0.4915536    
 0.4849480    
 0.4951240    
 0.4896304    
 0.4998648    
 0.4972792    
 0.4994200    
 0.4931912    
 0.4998472    
 0.5063296    
 0.5042600    
 0.5009552    
 0.5058632    
 0.5117640    
 0.5096704    
 0.5022336    
 0.5100472    
 0.5233368    
 0.5216944    
 0.5087040    
 0.5046648    
 0.5260960    
 0.5217560    
 0.5185168    
 0.5082240    
 0.5264632    
 0.5227528    
 0.5324400    
 0.5210080    
 0.5265040    
 0.5353720    
 0.5406401    
 0.5450952    
 0.5330608    
 0.5478512    
 0.5403112    
 0.5516360    
 0.5543304    
 0.5437760    
 0.5390944    
 0.5420608    
 0.5663312    
 0.5618992    
 0.5578712    
 0.5462256    
 0.5538792    
 0.5825712    
 0.5828864    
 0.5757568    
 0.5613896    
 0.5745921    
 0.5900264    
 0.6025376    
 0.5928792    
 0.5844616    
 0.5834272    
 0.6116864    
 0.6150776    
 0.6245136    
 0.6173528    
 0.6092528    
 0.6199432    
 0.6416536    
 0.6362016    
 0.6453200    
 0.6277656    
 0.6305408    
 0.6377152    
 0.6536096    
 0.6527728    
 0.6469912    
 0.6474904    
 0.6512864    
 0.6527568    
 0.6630616    
 0.6741408    
 0.6676016    
 0.6677920    
 0.6803488    
 0.6777568    
 0.6700048    
 0.6945056    
 0.7013960    
 0.6869944    
 0.6963208    
 0.7115929    
 0.7004496    
 0.6929640    
 0.7254320    
 0.7277240    
 0.7237096    
 0.7239464    
 0.7414208    
 0.7219072    
 0.7280768    
 0.7487888    
 0.7573120    
 0.7542096    
 0.7458672    
 0.7559744    
 0.7491592    
 0.7462152    
 0.7528200    
 0.7653448    
 0.7607712    
 0.7650585    
 0.7433968    
 0.7407776    
 0.7441240    
 0.7310048    
 0.7501928    
 0.7447960    
 0.7507376    
 0.7537512    
 0.7224808    
 0.7161064    
 0.7311376    
 0.7263744    
 0.7287073    
 0.7252984    
 0.7341920    
 0.7389728    
 0.7212777    
 0.6986776    
 0.7125808    
 0.7345584    
 0.7126376    
 0.7212704    
 0.7215632    
 0.7301280    
 0.7375648    
 0.7134200    
 0.7098416    
 0.7249624    
 0.7369744    
 0.7264280    
 0.7177472    
 0.7408456    
 0.7493128    
 0.7536128    
 0.7500816    
 0.7446080    
 0.7516512    
 0.7711720    
 0.7593408    
 0.7507576    
 0.7709128    
 0.7837728    
 0.7904856    
 0.7951016    
 0.7925040    
 0.7985528    
 0.8071600    
 0.8139920    
 0.8131544    
 0.8041655    
 0.8241128    
 0.8391696    
 0.8524432    
 0.8655712    
 0.8646432    
 0.8760584    
 0.8803544    
 0.8840976    
 0.8895400    
 0.8812864    
 0.8893216    
 0.9150248    
 0.9228680    
 0.9436288    
 0.9563888    
 0.9596521    
 0.9590048    
 0.9658184    
 0.9719200    
 0.9747640    
 0.9845624    
 0.9847664    
 0.9903616    
  1.003945    
  1.030699    
  1.040825    
  1.044716    
  1.043330    
  1.044515    
  1.047478    
  1.060299    
  1.074617    
  1.071566    
  1.065310    
  1.067264    
  1.083373    
  1.103974    
  1.110852    
  1.117238    
  1.120455    
  1.105703    
  1.102198    
  1.123544    
  1.133964    
  1.127476    
  1.119553    
  1.112459    
  1.103649    
  1.114102    
  1.127980    
  1.140168    
  1.138198    
  1.125606    
  1.124236    
  1.131639    
  1.131038    
  1.135045    
  1.144341    
  1.131250    
  1.106594    
  1.099943    
  1.104003    
  1.105778    
  1.115253    
  1.119927    
  1.120731    
  1.116986    
  1.115694    
  1.117857    
  1.117080    
  1.115123    
  1.112626    
  1.108686    
  1.090937    
  1.073763    
  1.062808    
  1.065706    
  1.068172    
  1.067925    
  1.071778    
  1.074234    
  1.074554    
  1.069623    
  1.062090    
  1.053379    
  1.043889    
  1.036524    
  1.024913    
  1.014327    
 0.9978153    
 0.9783720    
 0.9652424    
 0.9624464    
 0.9610896    
 0.9591760    
 0.9631392    
 0.9668112    
 0.9656872    
 0.9528944    
 0.9345296    
 0.9223224    
 0.9110288    
 0.8975312    
 0.8865089    
 0.8767712    
 0.8671072    
 0.8486040    
 0.8228976    
 0.8125456    
 0.8096632    
 0.8077448    
 0.8102865    
 0.8139184    
 0.8106224    
 0.8028248    
 0.7933080    
 0.7795689    
 0.7606824    
 0.7422216    
 0.7327656    
 0.7270024    
 0.7208624    
 0.7124920    
 0.6934392    
 0.6706472    
 0.6598880    
 0.6555920    
 0.6496472    
 0.6483440    
 0.6526896    
 0.6550072    
 0.6530249    
 0.6469624    
 0.6351400    
 0.6221312    
 0.6101088    
 0.5986112    
 0.5897592    
 0.5853576    
 0.5839048    
 0.5794728    
 0.5666048    
 0.5525216    
 0.5427153    
 0.5358848    
 0.5288848    
 0.5256664    
 0.5269672    
 0.5294376    
 0.5303248    
 0.5281632    
 0.5226120    
 0.5158776    
 0.5106320    
 0.5045824    
 0.4971392    
 0.4887376    
 0.4824496    
 0.4801752    
 0.4793072    
 0.4743328    
 0.4656256    
 0.4566472    
 0.4480976    
 0.4403592    
 0.4361120    
 0.4360472    
 0.4357360    
 0.4328256    
 0.4278872    
 0.4251616    
 0.4251152    
 0.4249872    
 0.4211344    
 0.4129288    
 0.4049952    
 0.4012784    
 0.3992840    
 0.3982472    
 0.3938584    
 0.3878672    
 0.3812568    
 0.3756472    
 0.3702720    
 0.3647192    
 0.3591800    
 0.3544248    
 0.3507152    
 0.3462184    
 0.3425152    
 0.3400816    
 0.3378680    
 0.3352896    
 0.3326056    
 0.3292672    
 0.3270928    
 0.3250696    
 0.3245752    
 0.3228464    
 0.3202536    
 0.3170000    
 0.3134896    
 0.3094736    
 0.3055120    
 0.3011416    
 0.2969504    
 0.2928456    
 0.2888712    
 0.2843408    
 0.2793096    
 0.2739328    
 0.2701984    
 0.2681912    
 0.2660200    
 0.2619112    
 0.2578720    
 0.2552336    
 0.2544304    
 0.2534792    
 0.2520896    
 0.2509592    
 0.2503376    
 0.2492872    
 0.2478080    
 0.2451304    
 0.2414400    
 0.2377304    
 0.2347704    
 0.2320008    
 0.2290848    
 0.2259520    
 0.2229336    
 0.2199368    
 0.2158352    
 0.2109296    
 0.2067656    
 0.2042904    
 0.2030904    
 0.2010824    
 0.1976480    
 0.1934096    
 0.1903984    
 0.1883680    
 0.1873800    
 0.1872952    
 0.1876920    
 0.1871896    
 0.1859680    
 0.1843744    
 0.1828760    
 0.1813600    
 0.1794768    
 0.1776888    
 0.1754400    
 0.1733272    
 0.1709688    
 0.1678384    
 0.1648880    
 0.1626960    
 0.1609648    
 0.1590352    
 0.1569768    
 0.1546640    
 0.1517192    
 0.1487296    
 0.1460416    
 0.1435008    
 0.1415272    
 0.1402600    
 0.1392800    
 0.1380488    
 0.1370352    
 0.1363880    
 0.1358088    
 0.1357376    
 0.1358152    
 0.1358712    
 0.1353392    
 0.1340192    
 0.1323096    
 0.1304200    
 0.1287088    
 0.1273824    
 0.1262784    
 0.1252304    
 0.1240208    
 0.1225344    
 0.1208272    
 0.1190008    
 0.1170696    
 0.1150752    
 0.1132664    
 0.1117456    
 0.1102976    
 0.1089080    
 0.1073096    
 0.1054224    
 0.1035800    
 0.1019208    
 0.1007112    
 0.1000976    
 0.9983120E-01
 0.9967360E-01
 0.9928640E-01
 0.9881201E-01
 0.9848160E-01
 0.9794080E-01
 0.9739360E-01
 0.9686000E-01
 0.9614640E-01
 0.9517360E-01
 0.9402400E-01
 0.9285360E-01
 0.9162480E-01
 0.9047040E-01
 0.8944080E-01
 0.8836561E-01
 0.8724080E-01
 0.8617840E-01
 0.8515920E-01
 0.8415600E-01
 0.8307360E-01
 0.8175440E-01
 0.8040160E-01
 0.7922960E-01
 0.7833760E-01
 0.7737280E-01
 0.7620960E-01
 0.7511280E-01
 0.7409441E-01
 0.7318560E-01
 0.7238720E-01
 0.7160880E-01
 0.7081040E-01
 0.7019920E-01
 0.6970880E-01
 0.6930400E-01
 0.6886961E-01
 0.6823200E-01
 0.6739040E-01
 0.6652161E-01
 0.6590801E-01
 0.6558240E-01
 0.6534320E-01
 0.6492640E-01
 0.6430320E-01
 0.6343921E-01
 0.6247440E-01
 0.6151520E-01
 0.6063360E-01
 0.5976000E-01
 0.5887200E-01
 0.5803280E-01
 0.5740000E-01
 0.5694320E-01
 0.5655680E-01
 0.5602160E-01
 0.5525760E-01
 0.5437040E-01
 0.5353440E-01
 0.5268080E-01
 0.5175680E-01
 0.5080960E-01
 0.4988480E-01
 0.4909360E-01
 0.4851280E-01
 0.4811840E-01
 0.4780160E-01
 0.4748480E-01
 0.4711040E-01
 0.4663040E-01
 0.4606320E-01
 0.4542160E-01
 0.4476080E-01
 0.4405920E-01
 0.4333280E-01
 0.4265120E-01
 0.4208480E-01
 0.4166240E-01
 0.4136880E-01
 0.4109440E-01
 0.4074400E-01
 0.4028240E-01
 0.3981120E-01
 0.3931280E-01
 0.3881120E-01
 0.3824320E-01
 0.3765120E-01
 0.3706880E-01
 0.3655920E-01
 0.3606960E-01
 0.3563120E-01
 0.3527280E-01
 0.3493120E-01
 0.3450880E-01
 0.3399600E-01
 0.3343120E-01
 0.3283520E-01
 0.3226000E-01
 0.3170400E-01
 0.3112720E-01
 0.3054240E-01
 0.3001520E-01
 0.2958720E-01
 0.2923920E-01
 0.2896880E-01
 0.2868640E-01
 0.2835280E-01
 0.2795600E-01
 0.2756240E-01
 0.2716720E-01
 0.2680000E-01
 0.2648160E-01
 0.2618000E-01
 0.2587840E-01
 0.2553680E-01
 0.2516720E-01
 0.2472800E-01
 0.2425680E-01
 0.2380400E-01
 0.2339040E-01
 0.2302480E-01
 0.2267920E-01
 0.2236800E-01
 0.2209520E-01
 0.2185920E-01
 0.2163200E-01
 0.2139200E-01
 0.2113360E-01
 0.2086160E-01
 0.2057600E-01
 0.2028720E-01
 0.2002000E-01
 0.1975360E-01
 0.1946560E-01
 0.1914880E-01
 0.1882880E-01
 0.1850000E-01
 0.1817520E-01
 0.1787920E-01
 0.1762400E-01
 0.1738160E-01
 0.1712480E-01
 0.1684000E-01
 0.1654080E-01
 0.1622080E-01
 0.1591360E-01
 0.1563040E-01
 0.1537600E-01
 0.1514720E-01
 0.1493840E-01
 0.1476160E-01
 0.1459680E-01
 0.1441920E-01
 0.1424160E-01
 0.1406640E-01
 0.1389600E-01
 0.1371360E-01
 0.1351440E-01
 0.1331600E-01
 0.1311440E-01
 0.1290080E-01
 0.1267600E-01
 0.1243920E-01
 0.1221120E-01
 0.1199040E-01
 0.1176560E-01
 0.1155120E-01
 0.1134080E-01
 0.1114400E-01
 0.1095120E-01
 0.1076320E-01
 0.1059840E-01
 0.1045520E-01
 0.1032800E-01
 0.1021680E-01
 0.1011200E-01
 0.1000800E-01
 0.9896800E-02
 0.9764801E-02
 0.9629600E-02
 0.9484801E-02
 0.9327200E-02
 0.9164001E-02
 0.8996801E-02
 0.8848000E-02
 0.8712000E-02
 0.8584800E-02
 0.8466400E-02
 0.8347200E-02
 0.8217600E-02
 0.8072800E-02
 0.7923200E-02
 0.7778400E-02
 0.7640800E-02
 0.7505600E-02
 0.7372800E-02
 0.7244000E-02
 0.7120800E-02
 0.7004000E-02
 0.6892000E-02
 0.6784800E-02
 0.6689600E-02
 0.6602400E-02
 0.6516800E-02
 0.6436000E-02
 0.6353600E-02
 0.6266400E-02
 0.6170400E-02
 0.6064800E-02
 0.5956000E-02
 0.5844800E-02
 0.5732800E-02
 0.5621600E-02
 0.5514400E-02
 0.5410400E-02
 0.5306400E-02
 0.5210400E-02
 0.5124800E-02
 0.5041600E-02
 0.4960000E-02
 0.4876800E-02
 0.4794400E-02
 0.4710400E-02
 0.4627200E-02
 0.4548800E-02
 0.4472000E-02
 0.4398400E-02
 0.4328800E-02
 0.4259200E-02
 0.4194400E-02
 0.4136800E-02
 0.4081600E-02
 0.4026400E-02
 0.3970400E-02
 0.3911200E-02
 0.3849600E-02
 0.3788000E-02
 0.3723200E-02
 0.3662400E-02
 0.3607200E-02
 0.3551200E-02
 0.3494400E-02
 0.3434400E-02
 0.3369600E-02
 0.3304800E-02
 0.3241600E-02
 0.3174400E-02
 0.3108800E-02
 0.3050400E-02
 0.2996800E-02
 0.2948000E-02
 0.2902400E-02
 0.2856800E-02
 0.2810400E-02
 0.2764800E-02
 0.2718400E-02
 0.2668800E-02
 0.2618400E-02
 0.2568000E-02
 0.2519200E-02
 0.2472000E-02
 0.2426400E-02
 0.2383200E-02
 0.2341600E-02
 0.2301600E-02
  0.000000    
  0.000000    
  0.000000    
  0.000000    
  0.000000    
  0.000000    
  0.000000    
  0.000000    
  0.000000    
  0.000000    
  0.000000    
  0.000000    
  0.000000    
  0.000000    
  0.000000    
  0.000000    
  0.000000    
  0.000000    
  0.000000    
  0.000000    
  0.000000    
  0.000000    
  0.000000    
  0.000000    
  0.000000    
  0.000000    
  0.000000    
  0.000000    
  0.000000    
  0.000000    
  0.000000    
  0.000000    
  0.000000    
  0.000000    
  0.000000    
  0.000000    
  0.000000    
  0.000000    
  0.000000    
  0.000000    
  0.000000    
  0.000000    
  0.000000    
  0.000000    
  0.000000    
  0.000000    
  0.000000    
  0.000000    
  0.000000    
  0.000000    
  0.000000    
